1 00001U 00029BR  00000.00000000  .00001103  00000-0  33518-4 0  9998
2 00001   0.0000   0.7036 0003481   0.0000   0.0000 4.14466644  1775
1 00002U 00029BR  00000.00000000  .00001103  00000-0  33518-4 0  9998
2 00002   0.0000   0.7036 0003481   0.0000  45.3331 4.14466644  1775
1 00003U 00029BR  00000.00000000  .00001103  00000-0  33518-4 0  9998
2 00003   0.0000   0.7036 0003481   0.0000  90.6662 4.14466644  1775
1 00004U 00029BR  00000.00000000  .00001103  00000-0  33518-4 0  9998
2 00004   0.0000   0.7036 0003481   0.0000 135.9993 4.14466644  1775
1 00005U 00029BR  00000.00000000  .00001103  00000-0  33518-4 0  9998
2 00005   0.0000   0.7036 0003481   0.0000 181.3324 4.14466644  1775
1 00006U 00029BR  00000.00000000  .00001103  00000-0  33518-4 0  9998
2 00006   0.0000   0.7036 0003481   0.0000 226.6655 4.14466644  1775
1 00007U 00029BR  00000.00000000  .00001103  00000-0  33518-4 0  9998
2 00007   0.0000   0.7036 0003481   0.0000 271.9986 4.14466644  1775
1 00008U 00029BR  00000.00000000  .00001103  00000-0  33518-4 0  9998
2 00008   0.0000   0.7036 0003481   0.0000 317.3317 4.14466644  1775
1 00009U 00029BR  00000.00000000  .00001103  00000-0  33518-4 0  9998
2 00009  60.0000   0.7036 0003481   0.0000   0.0000 4.14466644  1775
1 00010U 00029BR  00000.00000000  .00001103  00000-0  33518-4 0  9998
2 00010  60.0000   0.7036 0003481   0.0000  45.3331 4.14466644  1775
1 00011U 00029BR  00000.00000000  .00001103  00000-0  33518-4 0  9998
2 00011  60.0000   0.7036 0003481   0.0000  90.6662 4.14466644  1775
1 00012U 00029BR  00000.00000000  .00001103  00000-0  33518-4 0  9998
2 00012  60.0000   0.7036 0003481   0.0000 135.9993 4.14466644  1775
1 00013U 00029BR  00000.00000000  .00001103  00000-0  33518-4 0  9998
2 00013  60.0000   0.7036 0003481   0.0000 181.3324 4.14466644  1775
1 00014U 00029BR  00000.00000000  .00001103  00000-0  33518-4 0  9998
2 00014  60.0000   0.7036 0003481   0.0000 226.6655 4.14466644  1775
1 00015U 00029BR  00000.00000000  .00001103  00000-0  33518-4 0  9998
2 00015  60.0000   0.7036 0003481   0.0000 271.9986 4.14466644  1775
1 00016U 00029BR  00000.00000000  .00001103  00000-0  33518-4 0  9998
2 00016  60.0000   0.7036 0003481   0.0000 317.3317 4.14466644  1775
1 00017U 00029BR  00000.00000000  .00001103  00000-0  33518-4 0  9998
2 00017 120.0000   0.7036 0003481   0.0000   0.0000 4.14466644  1775
1 00018U 00029BR  00000.00000000  .00001103  00000-0  33518-4 0  9998
2 00018 120.0000   0.7036 0003481   0.0000  45.3331 4.14466644  1775
1 00019U 00029BR  00000.00000000  .00001103  00000-0  33518-4 0  9998
2 00019 120.0000   0.7036 0003481   0.0000  90.6662 4.14466644  1775
1 00020U 00029BR  00000.00000000  .00001103  00000-0  33518-4 0  9998
2 00020 120.0000   0.7036 0003481   0.0000 135.9993 4.14466644  1775
1 00021U 00029BR  00000.00000000  .00001103  00000-0  33518-4 0  9998
2 00021 120.0000   0.7036 0003481   0.0000 181.3324 4.14466644  1775
1 00022U 00029BR  00000.00000000  .00001103  00000-0  33518-4 0  9998
2 00022 120.0000   0.7036 0003481   0.0000 226.6655 4.14466644  1775
1 00023U 00029BR  00000.00000000  .00001103  00000-0  33518-4 0  9998
2 00023 120.0000   0.7036 0003481   0.0000 271.9986 4.14466644  1775
1 00024U 00029BR  00000.00000000  .00001103  00000-0  33518-4 0  9998
2 00024 120.0000   0.7036 0003481   0.0000 317.3317 4.14466644  1775 